C     2.8321162361122526e-06     -0.3537732805322814     -5.120973563434067
C     -1.2692609712891142e-05     0.49502781339812174     -3.8469008182145337
C     1.1312608066644893e-06     -0.3430356988141736     -2.5638713097487744
C     3.938710329998916e-06     0.4955072938579107     -1.2819496461175879
C     1.8282136622896816e-06     -0.34328563794983585     -7.177419901124093e-07
C     7.89537038758314e-06     0.49550565821638026     1.2819478002998113
C     -3.2710533619397657e-06     -0.343037196154632     2.5638703742902553
C     -2.0062103149761305e-07     0.4950285199519391     3.846900203323222
C     -2.914805697220946e-06     -0.3537734825283577     5.120976186431203
H     0.8819495304382068     1.1604736227769115     -3.844091048755488
H     -0.8819966785296778     1.160444468089988     -3.844090995256027
H     0.8825878601662516     -1.0096718097854491     -2.5646435080380314
H     -0.8825767997551589     -1.009681442749097     -2.564633188541986
H     0.8826396417919012     1.1618449576257421     -1.2818387790854415
H     -0.8826262418358314     1.1618514296500404     -1.281839074761871
H     0.8825851400230069     -1.009622797342122     -3.1138780134158637e-06
H     -0.8825872317462731     -1.009615668679062     1.1269805946000665e-07
H     0.8826477414632949     1.161839414598425     1.281841174449059
H     -0.8826174619381351     1.161858747146936     1.2818371607266763
H     0.8825728681303551     -1.0096861446466177     2.5646423017448807
H     -0.8825914183291313     -1.009671375025871     2.564636316742525
H     0.881975743009591     1.160456437950094     3.8440903521343075
H     -0.8819701620997686     1.1604617252925808     3.844090540208672
H     0.8883264922297676     -1.004729555157059     5.1640774954083195
H     -4.512237423653156e-06     0.27173557634918444     6.0267817707149405
H     -0.8883334697549738     -1.0047273950064335     5.1640742018363595
H     0.8883495656930082     -1.0047055227584092     -5.16407946141373
H     -0.8883100728792724     -1.0047525172103442     -5.164069928578382
H     -1.908042135698279e-05     0.2717338594355111     -6.02678083744238
